#TimeUnit SignalUnit SignalErrorUnit
2458325.32352 11.9377401750197 0.00113643641750197
2458325.34435 11.957131494516801 0.0011310881494516801
2458325.36518 11.950481235381407 0.0013017343235381406
2458325.38602 11.95014808196647 0.0011225301081966472
2458325.40685 11.986453349170832 0.0011453876349170832
2458325.42768 12.026359507058295 0.0012674387507058296
2458325.44852 12.059717356297748 0.0012732322356297748
2458325.46935 12.05013485967004 0.001234768285967004
2458325.49018 11.895065584242898 0.00127047855842429
2458325.51102 11.586618150833766 0.0008599697150833766
2458325.53185 11.397727799165903 0.0008008654799165903
2458325.55268 11.421891475597484 0.0007866429475597485
2458325.57352 11.48145268911471 0.0007346560689114709
2458325.59435 11.534560635641562 0.0008295133635641562
2458325.61518 11.592438721405813 0.0008163083721405813
2458325.63602 11.637500254171329 0.0009133257254171328
2458325.65685 11.682734099181094 0.0009295696099181094
2458325.67768 11.72422629262675 0.0009925947292626748
2458325.69852 11.756165342228941 0.0010109839342228942
2458325.71935 11.795369901678162 0.0009955470901678162
2458325.74018 11.828270535264444 0.0010492450535264444
2458325.76102 11.851039217068084 0.0010727684217068083
2458325.78185 11.870718507505172 0.001119419850750517
2458325.80268 11.885126181303415 0.0012164682181303413
2458325.82352 11.900418174626317 0.0013737257174626315
2458325.84435 11.915744666922008 0.0011660909666922007
2458325.86518 11.929641741351427 0.0011784637741351427
2458325.88602 11.952391217694421 0.0012415316217694423
2458325.90685 11.962264139037641 0.001401945113903764
2458325.92768 11.958118991585454 0.0011610534991585452
2458325.94852 11.97502208777606 0.001255434208777606
2458325.96935 12.009398147801694 0.0013614266147801695
2458325.99018 12.056422409339762 0.001457307340933976
2458326.01102 12.066057492561887 0.0013693506492561888
2458326.03185 11.961788027292997 0.0012116630027292996
2458326.05268 11.667792671929817 0.0010110083671929816
2458326.07352 11.419703315941375 0.0006911445315941374
2458326.09435 11.406364916684135 0.0007445807916684134
2458326.11518 11.463762801574712 0.0007834045801574712
2458326.13602 11.52555956768491 0.0007071768567684909
2458326.15685 11.576607646563303 0.0009631705646563303
2458326.17768 11.622715655406996 0.0009650443655406996
2458326.19852 11.660345689041579 0.000892685568904158
2458326.21935 11.711208588638325 0.0010144813588638323
2458326.24018 11.748837586974664 0.0011403480586974664
2458326.26102 11.788399746454859 0.001139508574645486
2458326.28185 11.817816807477376 0.0013042527807477376
2458326.30268 11.855024500907739 0.0012285208500907737
2458326.32352 11.872485676911618 0.0011882652676911618
2458326.34435 11.878743446035275 0.0012554110446035276
2458326.36518 11.900578496765355 0.0012301384496765356
2458326.38602 11.91217219440901 0.001206981919440901
2458326.40685 11.926187114245437 0.0013807615114245437
2458326.42768 11.957712869752644 0.0012275157869752645
2458326.44852 11.96034028213291 0.001176682728213291
2458326.46935 11.964868470007824 0.0013265219470007823
2458326.49018 11.967947904227753 0.0012007438904227754
2458326.51102 12.005649234336742 0.0013098795234336741
2458326.53185 12.041374187052087 0.0014257523187052087
2458326.55268 12.056588249038247 0.001711417024903825
2458326.57352 12.001645455274955 0.0012825046455274957
2458326.59435 11.743378012111297 0.0010129002012111295
2458326.61518 11.447462552273635 0.0007864059552273635
2458326.63602 11.401253533336433 0.0006158900533336434
2458326.65685 11.455287798101567 0.0007909163798101566
2458326.67768 11.509288873004326 0.0007177535873004327
2458326.69852 11.567487179151168 0.0007990370179151168
2458326.71935 11.60868602086625 0.0009737449020866251
2458326.74018 11.662358870566063 0.0009455351870566064
2458326.76102 11.696370012807833 0.0009987786012807835
2458326.78185 11.736485849459132 0.0009349105849459133
2458326.80268 11.770045403475093 0.0010715750403475094
2458326.82352 11.805318497805706 0.0010686532497805707
2458326.84435 11.840169056559041 0.001143137305655904
2458326.86518 11.865608698413867 0.0011731312698413866
2458326.88602 11.881973429498832 0.0012328976429498832
2458326.90685 11.894667260179176 0.0012090405260179176
2458326.92768 11.901136088193157 0.0012426079088193158
2458326.94852 11.918527999524057 0.0009828929999524056
2458326.96935 11.944887467297331 0.001133177046729733
2458326.99018 11.962706348659413 0.0012961406348659414
2458327.01102 11.950517548277986 0.0012915286548277987
2458327.03185 11.96435334818408 0.001290249834818408
2458327.05268 12.00012353390205 0.001253164653390205
2458327.07352 12.044751645633232 0.001220574364563323
2458327.09435 12.062753734387899 0.00138181887343879
2458327.11518 12.037747776282902 0.0015010793776282902
2458327.13602 11.818945754435068 0.0011785224754435068
2458327.15685 11.51269064642581 0.000768893764642581
2458327.17768 11.39421708605306 0.0007080443086053058
2458327.19852 11.44687199248643 0.0007785481992486431
2458327.21935 11.502992104632812 0.0008554536104632812
2458327.24018 11.546227012532123 0.0009005406012532124
2458327.26102 11.60275703135099 0.000826324803135099
2458327.28185 11.64034546007267 0.0009285938460072671
2458327.30268 11.690369416011213 0.0009784489416011213
2458327.32352 11.725133178019599 0.0010340669178019598
2458327.34435 11.761959675187693 0.0010207645675187691
2458327.36518 11.804261751144805 0.0010914333751144804
2458327.38602 11.828786923617741 0.0012787894923617742
2458327.40685 11.856053797106066 0.0010606152797106067
2458327.42768 11.8853152378133 0.00120141382378133
2458327.44852 11.888447573582503 0.0011404268573582505
2458327.46935 11.901559228786457 0.0012007479228786457
2458327.49018 11.91916441631416 0.0011092070416314158
2458327.51102 11.940469315029135 0.0012081700315029135
2458327.53185 11.960988502260161 0.0014480797502260162
2458327.55268 11.95802357633169 0.001324948557633169
2458327.57352 11.959629159120254 0.0012440919159120256
2458327.59435 11.991772079522557 0.0013281080079522558
2458327.61518 12.034834476667335 0.0014464878476667335
2458327.63602 12.064194210388877 0.0013493103210388878
2458327.65685 12.059327706835553 0.0012625505706835554
2458327.67768 11.891880895367526 0.0012584147895367526
2458327.69852 11.582153860024643 0.0009093115860024642
2458327.71935 11.394631848508402 0.0006802962848508402
2458327.74018 11.419758146273384 0.0006577024146273383
2458327.76102 11.481894995832642 0.0008091062995832643
2458327.78185 11.530774503842556 0.0007775659503842557
2458327.80268 11.584166062083424 0.0008448822062083425
2458327.82352 11.63279338062363 0.0008750217380623629
2458327.84435 11.702180912395882 0.002892020491239588
2458327.86518 11.717270762424226 0.0010408640762424226
2458327.88602 11.751939830287712 0.0010236039830287711
2458327.90685 11.793686659101683 0.0010370304659101683
2458327.92768 11.832808108757288 0.001036539710875729
2458327.94852 11.85501402221449 0.001156994302221449
2458327.96935 11.873226103092353 0.0011046584103092353
2458327.99018 11.89628216898352 0.0011123742168983519
2458328.01102 11.902092913259796 0.0010957962913259796
2458328.03185 11.914880034084113 0.0010949263034084114
2458328.05268 11.938641950776084 0.0012272911950776085
2458328.07352 11.967259932240623 0.0012385122932240622
2458328.09435 11.966541450938397 0.0012451201450938399
2458328.11518 11.96104276098342 0.0011752697760983421
2458328.13602 11.977588839657349 0.001252656883965735
2458328.15685 12.023976035537766 0.0011863376035537766
2458328.17768 12.047478422063268 0.0013423985422063268
2458328.19852 12.053945642846974 0.0013445763642846976
2458328.21935 11.959112804066956 0.0011457912804066959
2458328.24018 11.663583002236008 0.0009265312002236008
2458328.26102 11.420371279835926 0.0006952262279835927
2458328.28185 11.422640134674298 0.0006463675134674297
2458328.30268 11.475369792578997 0.0006618159792578999
2458328.32352 11.534496409794807 0.0008034151409794806
2458328.34435 11.575014266991566 0.0007205300266991567
2458328.36518 11.630042033809337 0.0007972092033809337
2458328.38602 11.674679293733476 0.0009403267293733476
2458328.40685 11.711308015268346 0.0008299176015268345
2458328.42768 11.748339255309933 0.0008618398255309933
2458328.44852 11.77932766845331 0.0011124350668453313
2458328.46935 11.823001265297572 0.0010531590265297573
2458328.49018 11.843638484777747 0.001050413448477775
2458328.51102 11.876012586699902 0.0010331743586699902
2458328.53185 11.886243341741245 0.0011685117341741244
2458328.55268 11.907751753856633 0.0011992877753856635
2458328.57352 11.913074166569455 0.0011838909166569454
2458328.59435 11.93733236312021 0.001189452036312021
2458328.61518 11.957842032724843 0.0011142240032724843
2458328.63602 11.970450474706468 0.0012475743474706469
2458328.65685 11.960585406261876 0.0012341638406261875
2458328.67768 11.971403455351519 0.001111529345535152
2458328.69852 12.012789910822766 0.0013085911910822767
2458328.71935 12.056943162530464 0.0013073791162530465
2458328.74018 12.072076692497765 0.0012412206692497764
2458328.76102 12.011875902782343 0.0012230740902782343
2458328.78185 11.739374235040913 0.0008860535235040911
2458328.80268 11.447401216282564 0.0006829749216282565
2458328.82352 11.398314302506856 0.0007585618302506855
2458328.84435 11.454270276783502 0.0006947911276783501
2458328.86518 11.511873556652738 0.0007335996556652736
2458328.88602 11.568481993736624 0.0008002926993736625
2458328.90685 11.616500150251413 0.0008193538150251413
2458328.92768 11.65546633725098 0.000779770333725098
2458328.94852 11.69737115001382 0.0009289692150013819
2458328.96935 11.736383221980201 0.00088984572219802
2458328.99018 11.778609452819037 0.0009780999452819036
2458329.01102 11.80844797010715 0.001104843897010715
2458329.03185 11.837897503005781 0.000977483750300578
2458329.05268 11.865637361651736 0.0009806229361651738
2458329.07352 11.889539650637609 0.001108952465063761
2458329.09435 11.89812848118067 0.001143827348118067
2458329.11518 11.907334990525053 0.0010056352990525051
2458329.13602 11.932111809705882 0.0010064187809705881
2458329.15685 11.94563921780536 0.000999758121780536
2458329.17768 11.977470721604682 0.001088553772160468
2458329.19852 11.963748718101083 0.0010461245718101084
2458329.21935 11.970730229247508 0.0010912076229247505
2458329.24018 12.009808543881077 0.0011475797543881077
2458329.26102 12.04777500361334 0.001134431400361334
2458329.28185 12.073236527185104 0.0012264178527185104
2458329.30268 12.034927929872888 0.0013169872929872889
2458329.32352 11.821208431511165 0.0009894283431511166
2458329.34435 11.508741858357972 0.0006746185858357972
2458329.36518 11.399306408916189 0.0007005632408916189
2458329.38602 11.437211926689697 0.0006825711926689697
2458329.40685 11.502512432406778 0.0006869094432406779
2458329.42768 11.55864455824562 0.000767484755824562
2458329.44852 11.602205510711439 0.0007850019510711441
2458329.46935 11.653529849389468 0.0008325227849389469
2458329.49018 11.696882810091369 0.0009254564810091369
2458329.51102 11.732200564919905 0.0009081014564919905
2458329.53185 11.765543426539931 0.000984874542653993
2458329.55268 11.806106504181294 0.0009080247504181293
2458329.57352 11.837770312913893 0.0009929839312913895
2458329.59435 11.86478202027144 0.0009469434020271441
2458329.61518 11.886686244262727 0.0011210249244262727
2458329.63602 11.90413736648348 0.001144497036648348
2458329.65685 11.911136490915188 0.0011252631490915187
2458329.67768 11.920125640093458 0.001130743564009346
2458329.69852 11.940305371186673 0.0011324369371186673
2458329.71935 11.97094236442823 0.001233425436442823
2458329.74018 11.96270172144843 0.0010577797721448429
2458329.76102 11.961117143212315 0.0011096092143212315
2458329.78185 11.998492614781473 0.0012335489614781472
2458329.80268 12.032277694270682 0.0012680157694270682
2458329.82352 12.05758211535642 0.0012583932115356419
2458329.84435 12.056390407366832 0.0012570619407366833
2458329.86518 11.900180459744481 0.0010294969459744483
2458329.88602 11.584090258305904 0.0007634135258305906
2458329.90685 11.406928446679641 0.0006523049446679641
2458329.92768 11.430696364542678 0.0006177590364542678
2458329.94852 11.48705146891833 0.0006774151468918329
2458329.96935 11.543195013094302 0.0007047727013094302
2458329.99018 11.59676932649776 0.000731536532649776
2458330.01102 11.638287411676153 0.0008627429411676154
2458330.03185 11.67676055236191 0.0007585155552361912
2458330.05268 11.720159044542337 0.0007538896044542336
2458330.07352 11.761790143557647 0.0008221880143557648
2458330.09435 11.792545026830885 0.0007404967026830886
2458330.11518 11.829345751169262 0.0009258610751169261
2458330.13602 11.853884317548445 0.0009594188317548445
2458330.15685 11.875472562823607 0.0010745384562823607
2458330.17768 11.894264105380154 0.0009967421105380153
2458330.19852 11.899576403980626 0.0010374882403980628
2458330.21935 11.91940164920514 0.0009121898649205141
2458330.24018 11.936741049039371 0.001077685304903937
2458330.26102 11.964836356719486 0.0010453468356719485
2458330.28185 11.966910911100127 0.0010424870911100127
2458330.30268 11.955621689520767 0.0011405482689520769
2458330.32352 11.990966616402424 0.0012185265616402423
2458330.34435 11.608638553914579 0.0012995390553914579
2458330.36518 12.058014754004589 0.0011745304754004588
2458330.38602 12.063883990757798 0.0011427849990757798
2458330.40685 11.950061026502453 0.0008656013026502453
2458330.42768 11.651093823239554 0.0007230371823239554
2458330.44852 11.407929742787207 0.0006387336742787207
2458330.46935 11.413096537482154 0.0005506972537482153
2458330.49019 11.476135159260892 0.0006381024159260891
2458330.51102 11.527489654191076 0.0007257298654191075
2458330.53185 11.587451178069673 0.0006856174178069672
2458330.55269 11.621823470827824 0.0006883823470827825
2458330.57352 11.664500967109166 0.0008134525967109166
2458330.59435 11.706847221515975 0.0007725405221515975
2458330.61519 11.751752949002045 0.0008871510949002044
2458330.63602 11.786333277453307 0.0008937131277453309
2458330.65685 11.819550140727655 0.0009707344140727656
2458330.67769 11.856743876848636 0.0009172569876848634
2458330.69852 11.877617001413357 0.0009631201001413356
2458330.71935 11.898962366770265 0.0009854171366770266
2458330.74019 11.910336275727605 0.0010542030275727606
2458330.76102 11.92017840100809 0.0009352138401008091
2458330.78185 11.935923449991066 0.0009170990449991067
2458330.80269 11.963799329437087 0.0011734788329437085
2458330.82352 11.971149074966021 0.0011571933074966021
2458330.84435 11.956831131320483 0.0009794630131320483
2458330.86519 11.97335845458379 0.0010905179454583787
2458330.88602 12.01800333215482 0.001193335633215482
2458330.90685 12.057053759828147 0.0011303332759828148
2458330.92769 12.067340898629617 0.0011190504898629617
2458330.94852 12.000265359012413 0.0011275224359012415
2458330.96935 11.723409262412833 0.0008324491262412832
2458330.99019 11.440287234407581 0.0006256319234407581
2458331.01102 11.399302395402684 0.0005823850395402683
2458331.03185 11.45780113884385 0.0006055096138843851
2458331.05269 11.52238843035618 0.000614129243035618
2458331.07352 11.576490724690453 0.0007984828724690454
2458331.09435 11.624153003644725 0.0007522964003644725
2458331.11519 11.662721434366626 0.0007988687434366626
2458331.13602 11.702833869128172 0.0008628350869128173
2458331.15685 11.748295217713705 0.0008120998217713707
2458331.17769 11.782600449387413 0.0008089508449387414
2458331.19852 11.823299574594708 0.0008594765574594708
2458331.21935 11.842908605511283 0.0009995086605511284
2458331.24019 11.875922333564194 0.0008552744333564195
2458331.26102 11.897294397348988 0.000934474339734899
2458331.28185 11.907286059894314 0.0009991382059894316
2458331.30269 11.915073666541867 0.0009876743666541866
2458331.32352 11.935628908628884 0.0009694099908628883
2458331.34435 11.959188739246809 0.0011143166739246808
2458331.36519 11.972530822816209 0.0010180865822816208
2458331.38602 11.959341807744027 0.0009966101807744026
2458331.40685 11.96719621203221 0.0010986764212032208
2458331.42769 12.007924859818143 0.0011471200859818143
2458331.44852 12.051148479213062 0.0010932432479213061
2458331.46935 12.071648704923815 0.0009759714704923814
2458331.49019 12.033306411837556 0.0011314311411837557
2458331.51102 11.815317807168954 0.0008193000807168953
2458331.53185 11.507286510523068 0.0006691619510523066
2458331.55269 11.403677772892639 0.000581992577289264
2458331.57352 11.45081190289166 0.0006529905902891661
2458331.59435 11.507246810040284 0.0005999318810040285
2458331.61519 11.566108401937955 0.0006934892401937956
2458331.63602 11.612414276102102 0.0007375186276102104
2458331.65685 11.65420930859766 0.0006531592308597659
2458331.67769 11.689004855584995 0.0007754565855584997
2458331.69852 11.734515715673846 0.0008572080715673844
2458331.71935 11.774024831673714 0.0008074308831673714
2458331.74019 11.802698495810821 0.0008685500495810821
2458331.76102 11.839231341427139 0.0010260528341427138
2458331.78185 11.868560546451489 0.0008543808546451491
2458331.80269 11.879767827605702 0.0009734482827605703
2458331.82352 11.901398152034949 0.0009549269152034947
2458331.84435 11.910304459136261 0.0009379748459136262
2458331.86519 11.929754934838348 0.0008925888934838348
2458331.88602 11.94929381755678 0.0010510893817556781
2458331.90685 11.965342618375844 0.0009895631618375845
2458331.92769 11.962852593962685 0.0010755541593962684
2458331.94852 11.969555815824952 0.0009491848815824951
2458331.96935 11.999134018039392 0.0010601165018039392
2458331.99019 12.040707643919795 0.0009628672643919795
2458332.01102 12.073998705730755 0.0012123897705730755
2458332.03185 12.058467270776239 0.001109130927077624
2458332.05269 11.884779122581083 0.0009186495122581082
2458332.07352 11.563421271587652 0.0007044129271587652
2458332.09435 11.393738443662146 0.0005738345443662145
2458332.11519 11.427695398161232 0.0006764124398161231
2458332.13602 11.491350534109218 0.0005897674534109218
2458332.15685 11.542583232598817 0.0006235066232598818
2458332.17769 11.602985984443068 0.0007495497984443067
2458332.19852 11.64154762389231 0.000712830762389231
2458332.21935 11.69068362326058 0.0007254108623260581
2458332.24019 11.721980630234219 0.0008666351630234218
2458332.26102 11.767645604577075 0.0008130723604577075
2458332.28185 11.79474514938854 0.0008213853149388541
2458332.30269 11.832295098925787 0.0008585239098925785
2458332.32352 11.870574285369852 0.0009825892285369852
2458332.34435 11.886078247821947 0.0009731714247821947
2458332.36519 11.892873306969184 0.0009583778306969182
2458332.38602 11.912987720653913 0.0008299900720653912
2458332.40685 11.925144369331118 0.0009107387369331118
2458332.42769 11.942943851750918 0.0009318406851750919
2458332.44852 11.97092239622751 0.001080364839622751
2458332.46935 11.966792524135181 0.0009914749524135183
2458332.49019 11.958779641831846 0.0009975181641831846
2458332.51102 11.984014731054216 0.0011174985731054218
2458332.53185 12.034688533327351 0.001108593553332735
2458332.55269 12.069987611862452 0.0010595502611862452
2458332.57352 12.064025855779326 0.0010976551855779325
2458332.59435 11.952733400880453 0.0010036090400880452
2458332.61519 11.644064373401381 0.000718159837340138
2458332.63602 11.410305630952804 0.0005361557630952805
2458332.65685 11.426043982482035 0.0006056197982482036
2458332.67769 11.486513394381184 0.0006255089394381183
2458332.69852 11.534121016353703 0.0006968685016353703
2458332.71935 11.585786401209539 0.000642923040120954
2458332.74019 11.632717451858918 0.0007037015451858917
2458332.76102 11.671820208223279 0.0007084309208223278
2458332.78185 11.719547494480615 0.0007762915494480614
2458332.80269 11.758456394625929 0.0008592130394625929
2458332.82352 11.794174965551829 0.0008802007965551831
2458332.84435 11.770930247402811 0.002429530424740281
2458332.86519 11.856317212621278 0.0008251815212621277
2458332.88602 11.884257484974516 0.0009463513484974516
2458332.90685 11.890550340958145 0.0011244741340958144
2458332.92769 11.91015472430051 0.001052077572430051
2458332.94852 11.917446123216733 0.0009725400123216732
2458332.96936 11.935901319277137 0.001042616331927714
2458332.99019 11.965914816774557 0.000999090981677456
2458333.01102 11.978609751859121 0.001119469775185912
2458333.03186 11.966816408295625 0.0009202432408295624
2458333.05269 11.977133194708783 0.0011495699194708784
2458333.07352 12.028278377096107 0.0010165289377096107
2458333.09436 12.054035093527501 0.00106840060935275
2458333.11519 12.078700824641999 0.0011273900824641998
2458333.13602 12.002999825887303 0.0010184886825887302
2458333.15686 11.725464132446255 0.0007545068132446255
2458333.17769 11.44123303046714 0.000555632303046714
2458333.19852 11.41697104350685 0.000555572604350685
2458333.21936 11.46227714420225 0.000579493014420225
2458333.24019 11.5277570555699 0.00064141090555699
2458333.26102 11.580361204901276 0.0006865673204901276
2458333.28186 11.624534428046603 0.0006543583428046603
2458333.30269 11.667341835341725 0.0008702285835341725
2458333.32352 11.707779364491445 0.0007033584364491445
2458333.34436 11.740061257159718 0.0006845106257159719
2458333.36519 11.782991545665746 0.0008140847545665747
2458333.38602 11.817437140910586 0.0007868920140910587
2458333.40685 11.84799762683132 0.0008059381626831321
2458333.42769 11.87296348884024 0.0008768460488840238
2458333.44852 11.895050733560582 0.0008350864733560583
2458333.46935 11.904443081024022 0.0008356286081024024
2458333.49019 11.91702622940521 0.0009370310229405211
2458333.51102 11.9380569927106 0.00091395549927106
2458333.53185 11.952031094546092 0.0009355805094546092
2458333.55269 11.976155337692461 0.0009100334337692461
2458333.57352 11.969531123785897 0.0009569756123785897
2458333.59435 11.98290977636692 0.0010823652776366921
2458333.61519 12.016748471599 0.0010160703471598998
2458333.63602 12.060279756981473 0.0010285380756981473
2458333.65685 12.068328038227529 0.0011154028038227529
2458333.67769 12.040132091832382 0.0009802686091832382
2458333.69852 11.80699243127933 0.000761164843127933
2458333.71935 11.490488864615626 0.0007114661864615626
2458333.74019 11.40344123326732 0.0005414099233267319
2458333.76102 11.45833716952501 0.0006095863169525009
2458333.78185 11.516161100283476 0.0006044259100283478
2458333.80269 11.56342130232889 0.0006838575302328891
2458333.82352 11.616560299357715 0.0007322944299357715
2458333.84435 11.658616311961302 0.0007209621311961299
2458333.86519 11.696607437635313 0.0007905546437635314
2458333.88602 11.737656946469723 0.0007216580946469724
2458333.90685 11.781733866278731 0.0008011146866278732
2458333.92769 11.820017089923697 0.0008104594089923697
2458333.94852 11.847665810691707 0.0008691507810691706
2458333.96935 11.868635242964778 0.0008995193242964777
2458333.99019 11.89892820734708 0.0008805029207347081
2458334.01102 11.915733791876589 0.0008825154791876588
2458334.03185 11.91391169949217 0.000957404669949217
2458334.05269 11.937270928386514 0.0009302490928386513
2458334.07352 11.952106952765728 0.0009636424952765728
2458334.09435 11.976296563925828 0.001025040656392583
2458334.11519 11.9701878608267 0.00093802338608267
2458334.13602 11.971805155460274 0.0009911276155460272
2458334.15685 12.000422775930602 0.00106954747759306
2458334.17769 12.044845179022774 0.0010521744179022774
2458334.19852 12.07365387598659 0.0010579183875986588
2458334.21935 12.05838632947014 0.001117912232947014
2458334.24019 11.88257727309121 0.0008770398273091208
2458334.26102 11.562449590925409 0.0006952606590925407
2458334.28185 11.397551120623907 0.0005738681120623906
2458334.30269 11.444505024942478 0.0005976055024942478
2458334.32352 11.505187557327492 0.0006025265557327491
2458334.34435 11.548173647665973 0.0005725762647665974
2458334.36519 11.599277101443695 0.0006137631101443693
2458334.38602 11.643870752987205 0.0007236426752987205
2458334.40685 11.686356221495961 0.0006836069221495962
2458334.42769 11.72812293449634 0.0006446295934496341
2458334.44852 11.765249506660417 0.0007806931506660417
2458334.46935 11.800671836681884 0.0007736243836681884
2458334.49019 11.837096880291323 0.0007779151880291325
2458334.51102 11.861934381647036 0.0008695964381647036
2458334.53185 11.889376336751337 0.0008262973336751337
2458334.55268 11.907262488323243 0.0007833022488323243
2458334.57352 11.919743404881249 0.0007872661404881249
2458334.59435 11.9268225994241 0.0009100849599424099
2458334.61518 11.945314734741018 0.0010157041734741017
2458334.63602 11.977763935305402 0.0009335485935305402
2458334.65685 11.976516707989559 0.0009343336707989561
2458334.67768 11.964016847954188 0.0008986818847954188
2458334.69852 12.001434646299248 0.001002407664629925
2458334.71935 12.04000750785253 0.0009444496507852531
2458334.74018 12.076181648897673 0.0011292871648897675
2458334.76102 12.06897464790371 0.0010934906647903709
2458334.78185 11.955909891516441 0.000876958789151644
2458334.80268 11.637964102669043 0.0006676720102669042
2458334.82352 11.41351715279936 0.0005950590152799361
2458334.84435 11.42356665604273 0.000538929265604273
2458334.86518 11.488188442723871 0.0005493138442723873
2458334.88602 11.53583798663105 0.000595506898663105
2458334.90685 11.5836120283435 0.00062857510283435
2458334.92768 11.62836192090906 0.0006824400920909061
2458334.94852 11.67858208002944 0.0007329038080029441
2458334.96935 11.72831838336392 0.000724500738336392
2458334.99018 11.75912591182553 0.000763548591182553
2458335.01102 11.802883860772775 0.0008171769860772775
2458335.03185 11.831437755111656 0.0006818265755111657
2458335.05268 11.85899493481736 0.0008637221934817361
2458335.07352 11.883360991038224 0.0009257066991038225
2458335.09435 11.90274874561642 0.000906028874561642
2458335.11518 11.920389960788174 0.0009364155960788175
2458335.13602 11.92681006335919 0.000886346806335919
2458335.15685 11.94919020974634 0.000884028920974634
2458335.17768 11.977055535061591 0.001006457053506159
2458335.19852 11.976759033469689 0.0008726958033469689
2458335.21935 11.981496229365616 0.0008835683229365615
2458335.24018 11.990465704329877 0.0009462830704329877
2458335.26102 12.026562905719853 0.0010137942905719852
2458335.28185 12.068398540108012 0.001104564954010801
2458335.30268 12.08167082934753 0.001061343382934753
2458335.32352 12.005649659874381 0.000841253265987438
2458335.34435 11.445212026811893 0.0012635827026811894
2458335.36518 11.436631577279542 0.0005595495577279542
2458335.38602 11.413260188652787 0.0005739114188652785
2458335.40685 11.463426390993575 0.0005546889390993575
2458335.42768 11.530585768498092 0.0005840459768498093
2458335.44852 11.585107527407775 0.0005473890527407774
2458335.46935 11.62398451770828 0.000587630651770828
2458335.49018 11.671746449263315 0.0007358486449263314
2458335.51102 11.719376109645102 0.0007053780109645102
2458335.53185 11.757148363978944 0.0007561671363978943
2458335.55268 11.797624275630861 0.0007273549275630862
2458335.57352 11.823897260070012 0.0008136127260070014
2458335.59435 11.861019502022591 0.0008525923502022592
2458335.61518 11.882444477785274 0.0008607755477785273
2458335.63602 11.900472222154308 0.0008028621222154307
2458335.65685 11.912023140289982 0.0009286399140289983
2458335.67768 11.920802966834033 0.0008744627966834034
2458335.69851 11.942082589502734 0.0009420336589502734
2458335.71935 11.966564171724077 0.0009870534171724076
2458335.74018 11.974756413468704 0.0009424387413468705
2458335.76101 11.969612427713898 0.0009881735427713899
2458335.78185 11.973271248822071 0.001007436924882207
2458335.80268 12.020241998894175 0.0009243049998894176
2458335.82351 12.055304567599238 0.0009469445567599239
2458335.84435 12.07671999512384 0.0009466205995123839
2458335.86518 12.04689283658918 0.0009915355836589178
2458335.88601 11.799787947997066 0.0007781718947997067
2458335.90685 11.491450483533114 0.0005760431483533116
2458335.92768 11.40154416786211 0.0005566615167862109
2458335.94851 11.461256246939417 0.0005833151246939416
2458335.96935 11.517608777694852 0.0005661122777694852
2458335.99018 11.566203601317627 0.0006136805601317626
2458336.01101 11.623740436354677 0.0006034585436354677
2458336.03185 11.660865451865373 0.0006685044451865374
2458336.05268 11.710692162072041 0.000727519916207204
2458336.07351 11.749239380813082 0.0007772856380813081
2458336.09435 11.77941825537651 0.000742530625537651
2458336.11518 11.82567953627641 0.000857555453627641
2458336.13601 11.84180635686012 0.0008224226356860118
2458336.15685 11.87964851701038 0.0009431253517010381
2458336.17768 11.89458200086018 0.0007886105000860179
2458336.19851 11.916811912344782 0.000993384791234478
2458336.21935 11.926182776458184 0.0009251613776458185
2458336.24018 11.942376526768733 0.0008464996526768733
2458336.26101 11.958109243726883 0.0010086724243726882
2458336.28185 11.976960250619683 0.0009105436250619683
2458336.30268 11.978834117048855 0.0008781790117048856
2458336.32351 11.977983442518825 0.0009897708442518824
2458336.34435 12.009099185098977 0.0008656111185098977
2458336.36518 12.052626995354244 0.0009427810995354245
2458336.38601 12.08833490320083 0.001062563790320083
2458336.40685 12.065036098573119 0.0009879710098573116
2458336.42768 11.880062650744085 0.0008106357650744083
2458336.44851 11.554898779337261 0.0005565091779337261
2458336.46935 11.398891412693999 0.0005197554412693999
2458336.49018 11.439513864139055 0.0005137410864139056
2458336.51101 11.502261389531842 0.0005490669389531843
2458336.53185 11.551469172960807 0.0005974629172960809
2458336.55268 11.603353817427557 0.0006459173817427558
2458336.57351 11.65319113737741 0.0006440120137377411
2458336.59435 11.694285966724275 0.0006718937966724276
2458336.61518 11.735844085976133 0.0007757643085976133
2458336.63601 11.777554899194097 0.0007401830899194096
2458336.65685 11.806559563707893 0.0007015517563707894
2458336.67768 11.852221637437376 0.0008054757637437376
2458336.69851 11.874531816989775 0.0007945677816989774
2458336.71935 11.906881531490276 0.0007665810531490276
2458336.74018 11.914237954755365 0.0009172149954755363
2458336.76101 11.929052268850782 0.000890479026885078
2458336.78185 11.94167801141934 0.000860284601141934
2458336.80268 11.959559061711348 0.0009319601061711347
2458336.82351 11.977449128388269 0.0009905602128388268
2458336.84435 11.98199995911586 0.0009166885959115861
2458336.86518 11.98065387220937 0.0008583360872209371
2458336.88601 11.999087760370275 0.0008685544760370274
2458336.90685 12.046606329637353 0.0010226155329637351
2458336.92768 12.081056090887587 0.0009843964090887588
2458336.94851 12.082934251778877 0.0009525529251778877
2458336.96935 11.948983321989365 0.0008247679321989364
2458336.99018 11.636936965215789 0.000639042796521579
2458337.01101 11.418094653406689 0.0005421008653406689
2458337.03185 11.432440429608967 0.0005327233429608967
2458337.05268 11.49879343322264 0.0005584204433222639
2458337.07351 11.547964961440096 0.0006257611961440096
2458337.09435 11.600538477979498 0.0005900355477979499
2458337.11518 11.640921932322325 0.0006435414932322325
2458337.13601 11.69616180282591 0.0006715971802825912
2458337.15685 11.729968066821936 0.0007279358066821937
2458337.17768 11.76646714093224 0.0007724981140932242
2458337.19851 11.807807369173188 0.0008270128369173189
2458337.21935 11.843999847418566 0.0008472989847418564
2458337.24018 11.86858437216922 0.0007940247372169219
2458337.26101 11.891384593197762 0.0008277114593197761
2458337.28185 11.909063399296782 0.0007848488399296783
2458337.30268 11.925826995707938 0.0008702123995707938
2458337.32351 11.931601104388982 0.0009405628104388981
2458337.34435 11.957059494700433 0.0008065134494700433
2458337.36518 11.97538854435387 0.001043778154435387
2458337.38601 11.985660944239239 0.0008753091944239239
2458337.40685 11.9814273548115 0.0008175154354811499
2458337.42768 11.998534627640991 0.0008762156627640991
2458337.44851 12.036287014139246 0.0009256908014139245
2458337.46935 12.069860494388612 0.0009019888494388612
2458337.49018 12.09364040247622 0.0008941900402476221
2458337.51101 12.003798056167861 0.0008934736056167862
2458337.53185 11.711763186443049 0.0006044364186443048
2458337.55268 11.436597258948813 0.0005186349258948814
2458337.57351 11.417349153987418 0.0005088940153987418
2458337.59435 11.472100358414345 0.0005074774358414346
2458337.61518 11.534247019844086 0.0005868186019844086
2458337.63601 11.591354208607854 0.0006142826208607853
2458337.65685 11.642158887931124 0.0006106087887931125
2458337.67768 11.680823902241 0.0006651534902241
2458337.69851 11.720969781473624 0.0007198481781473624
2458337.71935 11.754461301097685 0.0006773793301097683
2458337.74018 11.806632835171664 0.0007695889835171664
2458337.76101 11.838009062864458 0.0007532208062864458
2458337.78185 11.87198293926142 0.000888535693926142
2458337.80268 11.890149230896714 0.0007576431230896714
2458337.82351 11.916924912155777 0.0008523660912155778
2458337.84435 11.738929499026264 0.006586529749902627
2458337.86518 11.937537095259463 0.0009048720095259463
2458337.88601 11.954240693180314 0.0009279709693180314
2458337.90685 11.984485959531387 0.0009634549959531387
2458337.92768 11.993927690153125 0.0009810779690153126
2458337.94851 11.988981110567222 0.0009414130110567222
2458337.96935 11.996238474581016 0.0009757799474581017
2458337.99018 12.042457957712157 0.0010405270957712157
2458338.01101 12.07906635974102 0.0009753797359741018
2458338.03185 12.104373326593883 0.0008754506326593884
2458338.05268 12.050869642613268 0.0010157647642613267
2458338.07351 11.809432188308893 0.0007545018188308894
2458338.09435 11.487393173879665 0.0006165268173879665
2458338.11518 11.413942091766126 0.0005081289091766124
2458338.13601 11.466507523343859 0.000512958052334386
2458338.15685 11.52300601444155 0.0005474638014441551
2458338.17768 11.58703423666329 0.0005784436236663291
2458338.19851 11.63533889291865 0.0006264978892918651
2458338.21935 11.67554763516397 0.000647016663516397
2458338.24018 11.71692635536392 0.0006896906355363919
2458338.26101 11.767561092815436 0.0007095635092815436
2458338.28185 11.803497533812843 0.0007433191533812841
2458338.30268 11.83721047837276 0.0007799860478372759
2458338.32351 11.873289423473427 0.0006912314423473428
2458338.34435 11.900878970295244 0.0007870605970295244
2458338.36518 11.916966045236885 0.0008818439045236886
2458338.38601 11.927867909462238 0.0008494040909462236
2458338.40685 11.946162499150274 0.0008629711499150275
2458338.42768 11.956275296721568 0.000902581529672157
2458338.44851 11.987578210237345 0.0009355526210237346
2458338.46935 12.004480842356443 0.0008581706842356443
2458338.49018 11.994985406132148 0.0007984222406132149
2458338.51101 12.006599114312865 0.0008635532114312865
2458339.67768 12.101294906905842 0.0008019905906905843
2458339.69851 12.011656571464012 0.0007227410571464012
2458339.71935 11.717554744980806 0.0004879734744980806
2458339.74018 11.450315969006892 0.00038154779690068914
2458339.76101 11.42811494725335 0.0003605243947253351
2458339.78185 11.493321777667822 0.00042811257776678225
2458339.80268 11.55579982004385 0.00046134518200438487
2458339.82351 11.597607383550592 0.0005273783383550594
2458339.84435 11.653262032963402 0.0005879619032963401
2458339.86518 11.693866176965765 0.0005735092176965764
2458339.88601 11.746471610195014 0.0005865806610195014
2458339.90684 11.784621940612023 0.0005385340940612024
2458339.92768 11.815400205653109 0.0005896351205653109
2458339.94851 11.850234088115652 0.0006825805088115653
2458339.96934 11.87969107449613 0.0006504758074496129
2458339.99018 11.9067474102061 0.0006514163410206098
2458340.01101 11.931902523790805 0.0007111101523790804
2458340.03184 11.946142216418862 0.0006920301216418861
2458340.05268 11.95346584696055 0.0007176922846960548
2458340.07351 11.97410892206393 0.000766941992206393
2458340.09434 12.00605471708878 0.000797367671708878
2458340.11518 12.013089012023263 0.0009017885012023262
2458340.13601 12.00801149025845 0.000840235149025845
2458340.15684 12.012713989448734 0.0008285018989448733
2458340.17768 12.059269686505163 0.0008750410686505163
2458340.19851 12.099214198733518 0.0009630069198733517
2458340.21934 12.127141930707692 0.0009443158930707692
2458340.24018 12.083061139259843 0.0008984810139259844
2458340.26101 11.820162129151166 0.0007323002129151167
2458340.28184 11.507919345516394 0.0005735432345516393
2458340.30268 11.442175940601574 0.0005503903940601574
2458340.32351 11.499450870948296 0.0005246038870948297
2458340.34434 11.559774746022114 0.0006084689746022115
2458340.36518 11.601570347787158 0.0006465003347787158
2458340.38601 11.654164288216002 0.0006108026288216002
2458340.40684 11.706275717861594 0.0006815308717861593
2458340.42768 11.750186215827124 0.0007895642215827124
2458340.44851 11.780109777294795 0.0006875881777294794
2458340.46934 11.82762601233662 0.0007785222012336619
2458340.49018 11.853075288038768 0.0008814298288038767
2458340.51101 11.891937767092951 0.0009125405767092951
2458340.53184 11.915445959119722 0.0008597227959119722
2458340.55268 11.936482843916878 0.0008814404843916877
2458340.57351 11.952888804680276 0.0008286093804680276
2458340.59434 11.96249245640275 0.0009514858456402749
2458340.61518 11.982037370595856 0.0009010206370595857
2458340.63601 12.011670177181818 0.0009251482177181818
2458340.65684 12.028712547093347 0.0010170271547093345
2458340.67768 12.023350185966397 0.0008600051185966396
2458340.69851 12.023500494704756 0.0009645243494704756
2458340.71934 12.068523355600005 0.0009852489355600005
2458340.74018 12.108239655032861 0.0010411729655032862
2458340.76101 12.13349219590477 0.0010267766195904769
2458340.78184 12.10753773768648 0.001114421473768648
2458340.80268 11.908808587963208 0.0008106774587963207
2458340.82351 11.572978718876055 0.0006834646718876055
2458340.84434 11.432027550470211 0.000591934355047021
2458340.86518 11.478750481043932 0.0005556732481043932
2458340.88601 11.542482704914653 0.0005807148704914652
2458340.90684 11.604634076760858 0.0006362058076760859
2458340.92768 11.645114123413794 0.0006374051123413794
2458340.94851 11.703745197437458 0.0007334580197437457
2458340.96934 11.742432199588793 0.0007949441199588792
2458340.99018 11.7860196088831 0.0008140003608883101
2458341.01101 11.826360804702427 0.0009447292804702428
2458341.03184 11.860312435568845 0.0008424769435568845
2458341.05268 11.896165882832333 0.0008605782882832334
2458341.07351 11.924055969844456 0.0008256392969844456
2458341.09434 11.956895731213443 0.0009524100731213444
2458341.11518 11.96941624321416 0.0008584589243214162
2458341.13601 11.980195395905147 0.0009633705395905148
2458341.15684 11.99446133614243 0.000982485533614243
2458341.17768 12.015693196028762 0.0009662207196028761
2458341.19851 12.03745734166339 0.000900430634166339
2458341.21934 12.039508148309068 0.0011451510148309068
2458341.24018 12.03769830074752 0.000996603730074752
2458341.26101 12.061717590109208 0.0010011371590109208
2458341.28184 12.101996569050682 0.0010978144569050684
2458341.30268 12.140307950235679 0.001097356595023568
2458341.32351 12.129196847888094 0.0010214937847888093
2458341.34434 11.993307938927403 0.0009810382938927405
2458341.36518 11.651944921503809 0.000672612892150381
2458341.38601 11.441423387730154 0.0005536493387730155
2458341.40684 11.477815100171144 0.0005903243100171144
2458341.42768 11.534645652397538 0.0006250591652397539
2458341.44851 11.592265029808882 0.000671936802980888
2458341.46934 11.642739999272434 0.0005839550999272435
2458341.49018 11.690639901207076 0.0007338559901207074
2458341.51101 11.740872026564976 0.0007724744026564974
2458341.53184 11.781265293500994 0.0007913859293500994
2458341.55268 11.821254144763861 0.0008382924144763861
2458341.57351 11.853788775127027 0.0008134886775127026
2458341.59434 11.893599298181131 0.0008409586298181132
2458341.61518 11.922200848005351 0.000985927484800535
2458341.63601 11.95166759913927 0.000985513359913927
2458341.65684 11.96036722512862 0.000906591922512862
2458341.67768 11.97304703556618 0.0008836439035566179
2458341.69851 11.979869823726043 0.0009442817823726043
2458341.71934 12.015303591294888 0.0010284336591294889
2458341.74018 12.04372920864786 0.001111534720864786
2458341.76101 12.037517523812445 0.0010177654523812446
2458341.78184 12.029497686648805 0.0009704756686648804
2458341.80268 12.063536646730496 0.0011744989646730495
2458341.82351 12.09778098641539 0.0010880290986415389
2458341.84434 12.139448746476752 0.0013089180746476753
2458341.86518 12.15438572687777 0.0012194398726877772
2458341.88601 12.05318872697813 0.000991501572697813
2458341.90684 11.753386206913444 0.0008391766206913442
2458341.92768 11.47663736550898 0.0005260649365508981
2458341.94851 11.468087223856434 0.0006484694223856435
2458341.96934 11.518145623803061 0.0006303787623803063
2458341.99018 11.57571263185602 0.0006184208631856018
2458342.01101 11.631726888474507 0.0007478104888474506
2458342.03184 11.684474086051129 0.0006930757086051129
2458342.05268 11.729758451533813 0.0008073867451533813
2458342.07351 11.7683815286093 0.00072954485286093
2458342.09434 11.812913462670492 0.0008471791462670493
2458342.11518 11.855076009419161 0.0008336033009419161
2458342.13601 11.885307655494621 0.000966747465549462
2458342.15684 11.913600511402235 0.0008754404511402236
2458342.17768 11.510727560866252 0.004094953956086625
2458342.19851 11.955560510113113 0.0009059342510113112
2458342.21934 11.974611881758552 0.0009555329881758553
2458342.24018 11.994252552639123 0.0010803089552639123
2458342.26101 12.011732024759946 0.0009831989024759946
2458342.28184 12.02841009048777 0.0010056800090487768
2458342.30268 12.049226231445891 0.0010829804231445891
2458342.32351 12.034937302453216 0.0009425825302453217
2458342.34434 12.058209493210812 0.0010122087493210814
2458342.36518 12.092006544596408 0.001004632954459641
2458342.38601 12.131047288568885 0.0011737952288568883
2458342.40684 12.153296092692727 0.0012168664092692728
2458342.42768 12.096229844652173 0.0011217654844652173
2458342.44851 11.833940460563012 0.0007954965460563012
2458342.46934 11.520851701096522 0.0005894349701096523
2458342.49018 11.445996974047242 0.0005834719974047243
2458342.51101 11.50401107820932 0.0006146109078209321
2458342.53184 11.573436614567727 0.0006205678614567728
2458342.55268 11.62396694481282 0.0006501541944812819
2458342.57351 11.668753877783457 0.0007817354877783458
2458342.59434 11.718730697591289 0.0007108424697591289
2458342.61518 11.75513516046799 0.0007834166160467991
2458342.63601 11.802210063781 0.0008280499063781
2458342.65684 11.83597347228506 0.0008674196472285058
2458342.67768 11.883640344325215 0.0010033075344325214
2458342.69851 11.908890429241122 0.0009365603429241122
2458342.71934 11.94263836715948 0.000954270736715948
2458342.74018 11.955369687067323 0.0009034169687067323
2458342.76101 11.978803241142451 0.0009862513241142448
2458342.78184 11.982615375840199 0.0011034493375840198
2458342.80268 11.999505789685113 0.0009887749789685113
2458342.82351 12.024940827441371 0.0010537636827441371
2458342.84434 12.045734008579824 0.0010738002008579826
2458342.86518 12.035422576989676 0.0010711438576989675
2458342.88601 12.040363268855126 0.0009668254268855125
2458342.90684 12.072840217871166 0.0010644235217871164
2458342.92768 12.123269330709654 0.0010984345330709655
2458342.94851 12.14608086673778 0.001094655786673778
2458342.96934 12.127030464867694 0.0011612631464867694
2458342.99018 11.915301652102741 0.0008406041652102742
2458343.01101 11.579980994583693 0.0006253610994583691
2458343.03184 11.447494047306524 0.0005152981047306524
2458343.05268 11.489283269261723 0.0005854851269261724
2458343.07351 11.559704141236095 0.0006585103141236095
2458343.09434 11.60622483477623 0.000633414083477623
2458343.11518 11.666056822883554 0.0006685285822883554
2458343.13601 11.710475206899593 0.0007183288206899594
2458343.15684 11.751457084793007 0.0007370116084793007
2458343.17768 11.787422781458135 0.0007964488781458135
2458343.19851 11.834432011666218 0.0008790620011666218
2458343.21934 11.876509071243785 0.0008613423071243784
2458343.24018 11.90760113510498 0.0007722346135104979
2458343.26101 11.93461740783764 0.0008651088407837641
2458343.28184 11.959221068662782 0.0008933547068662781
2458343.30268 11.965012409496113 0.0009864629409496114
2458343.32351 11.99089880572925 0.000847603980572925
2458343.34434 11.993425768332129 0.0008757309768332129
2458343.36518 12.019589497673035 0.0008561669497673034
2458343.38601 12.044399517854435 0.0008853178517854434
2458343.40684 12.043256675579295 0.0009132632675579296
2458343.42768 12.040417629892852 0.0009413726629892853
2458343.44851 12.072310823047088 0.0009461657823047089
2458343.46934 12.117043806675142 0.0009693105806675143
2458343.49018 12.146235859601166 0.0011600716859601165
2458343.51101 12.13375933897892 0.001099392733897892
2458343.53184 11.999829123999694 0.0008594443123999694
2458343.55268 11.660054424376986 0.0006400761424376986
2458343.57351 11.446393588213974 0.0005685274588213973
2458343.59434 11.481705327588692 0.0006322653327588693
2458343.61518 11.534367634290133 0.0005965098634290132
2458343.63601 11.590896801689453 0.0006536985801689453
2458343.65684 11.642329833643894 0.0006977117833643893
2458343.67768 11.697550165003575 0.0007703831165003576
2458343.69851 11.736969107956979 0.0007328853107956978
2458343.71934 11.778049830298029 0.000741543183029803
2458343.74018 11.82749062805348 0.0007164424628053479
2458343.76101 11.859118595175865 0.0007797003595175864
2458343.78184 11.900128499864037 0.0008079893499864036
2458343.80268 11.933003137252236 0.0008433038137252236
2458343.82351 11.952202578964165 0.0008389012578964165
2458343.84434 11.96503160536782 0.0008775896605367821
2458343.86518 11.986949915654828 0.0009671922915654827
2458343.88601 11.990696465226387 0.0008045024465226388
2458343.90684 12.014132428553237 0.0009961135428553237
2458343.92768 12.039125643950841 0.0011719045643950841
2458343.94851 12.048615947038396 0.0008923236947038395
2458343.96934 12.037683811399079 0.000952014281139908
2458343.99018 12.064132727269513 0.0009220486727269513
2458344.01101 12.099492250245545 0.0010195755250245544
2458344.03184 12.133386804347888 0.0009485088804347886
2458344.05268 12.147221459736823 0.0011239232459736822
2458344.07351 12.054485690307109 0.001051523369030711
2458344.09434 11.735243739362021 0.0008089475739362021
2458344.11518 11.467258721532303 0.0006028829721532304
2458344.13601 11.465976228673961 0.0005781825228673962
2458344.15684 11.530204729865778 0.0005982562729865778
2458344.17768 11.585035925336154 0.0006579168925336154
2458344.19851 11.64476192821363 0.000767536892821363
2458344.21934 11.68954286230316 0.0007081277862303159
2458344.24018 11.731478106507677 0.0006756692106507677
2458344.26101 11.771780203554338 0.0007074596203554336
2458344.28184 11.819939971577032 0.0007403317971577031
2458344.30268 11.85298760001375 0.000858241660001375
2458344.32351 11.891192958427027 0.0007001396958427027
2458344.34434 11.915046918724927 0.0008734229918724927
2458344.36518 11.942958822934987 0.0008326999822934986
2458344.38601 11.95798749659756 0.000854695649659756
2458344.40684 11.972637677234166 0.0008991670677234167
2458344.42768 11.989422268548239 0.0008914087268548239
2458344.44851 11.999763982105941 0.0009557640982105942
2458344.46934 12.02510495011811 0.000986613795011811
2458344.49018 12.042674059021714 0.0009521184059021715
2458344.51101 12.031615807093338 0.0009828438807093338
2458344.53184 12.03805888730239 0.000922392988730239
2458344.55268 12.089769911234452 0.0009976127911234453
2458344.57351 12.128045387778045 0.0009488739387778044
2458344.59434 12.15480836078581 0.0011424381360785809
2458344.61518 12.08643709022324 0.0010163940090223238
2458344.63601 11.815245111162648 0.0007398532111162647
2458344.65684 11.512095477246342 0.0005703102477246342
2458344.67768 11.33674261649422 0.0014646273616494218
2458344.69851 11.504501122738667 0.0006235675122738668
2458344.71934 11.563958618103161 0.0006204282618103162
2458344.74018 11.620785420629009 0.0006366216420629009
2458344.76101 11.677975096333412 0.0006905569096333411
2458344.78184 11.717140586053487 0.0007047912586053488
2458344.80268 11.764070635309775 0.0007653606635309774
2458344.82351 11.800607033596679 0.000736703103359668
2458344.84434 11.846096724501212 0.0007945481724501213
2458344.86518 11.878992611315494 0.0007719509611315494
2458344.88601 11.908343439546535 0.0008325986439546534
2458344.90684 11.93671637804379 0.000841586237804379
2458344.92768 11.954622579027571 0.0008994483579027572
2458344.94851 11.976866044823662 0.0008869863044823663
2458344.96934 11.986992812955226 0.0009402569812955226
2458344.99018 12.005916345680296 0.0010055824345680297
2458345.01101 12.023161984709985 0.0009046408984709986
2458345.03184 12.043562754789864 0.0008906013754789864
2458345.05268 12.040986647224793 0.0009139466647224792
2458345.07351 12.053839223609579 0.0008385018223609578
2458345.09434 12.086779109585644 0.0009643160109585644
2458345.11518 12.129718184980668 0.0010603266184980667
2458345.13601 12.157367994024588 0.0010213091994024587
2458345.15684 12.128148619250327 0.0010592655619250328
2458345.17768 11.906298751160065 0.0008388061751160066
2458345.19851 11.578436842930723 0.0006325262842930723
2458345.21934 11.447153191261707 0.0005951151191261706
2458345.24018 11.497179353503768 0.0005972567353503768
2458345.26101 11.551071706432987 0.0005896594706432986
2458345.28184 11.611254144121265 0.0007049522144121265
2458345.30268 11.66710896244023 0.000666581996244023
2458345.32351 11.70388905437801 0.000760504305437801
2458345.34434 11.75674068476107 0.0006545164684761068
2458345.36518 11.790972603213893 0.0008315898603213893
2458345.38601 11.836873610333612 0.0009091938610333611
2458345.40684 11.876013873346123 0.0008011600873346121
2458345.42768 11.906667788910768 0.0008569884788910767
2458345.44851 11.936200490624694 0.0009418989490624695
2458345.46934 11.960313703974414 0.0009091117703974414
2458345.49018 11.97712386951244 0.0009101229869512439
2458345.51101 11.9802742349381 0.0009504893234938101
2458345.53184 12.00470334960997 0.000856450734960997
2458345.55268 12.02100640426149 0.0009148715404261491
2458345.57351 12.039649821975376 0.0010336808821975376
2458345.59434 12.04415287140256 0.0010158217871402558
2458345.61518 12.045919918225255 0.0010154936918225256
2458345.63601 12.06916581194324 0.000977001981194324
2458345.65684 12.105559908792014 0.0010445233908792013
2458345.67768 12.14096562345094 0.0010205055623450938
2458345.69851 12.139652287151906 0.0010482447287151907
2458345.71934 11.978387922449388 0.0009058439922449388
2458345.74018 11.642699147457025 0.0006615806147457024
2458345.76101 11.446950923396859 0.0005605197923396858
2458345.78184 11.485256671630726 0.0006330947671630727
2458345.80268 11.54825599481105 0.0005882535994811051
2458345.82351 11.594810281443214 0.0006133923281443214
2458345.84434 11.657080311017449 0.0006656180311017448
2458345.86518 11.701834198824205 0.0007250178198824204
2458345.88601 11.74353009623239 0.000739950009623239
2458345.90684 11.791092535320397 0.0007695114535320397
2458345.92768 11.823896173180442 0.0007927448173180441
2458345.94851 11.864662127996876 0.0008681391127996878
2458345.96934 11.902627520320928 0.0008345470520320928
2458345.99018 11.931610327310755 0.0008722008327310758
2458346.01101 11.953234166725887 0.0009433240166725886
2458346.03184 11.971139184526008 0.000866430118452601
2458346.05268 11.975783929026857 0.0009495561929026857
2458346.07351 11.987607351300728 0.0008734426351300728
2458346.09434 12.010122036848875 0.0009307113036848874
2458346.11518 12.041786933077256 0.0009935835933077256
2458346.13601 12.043590268837292 0.0009465161268837292
2458346.15684 12.031382633086283 0.0010126279633086285
2458346.17768 12.056760243694443 0.0009484774243694443
2458346.19851 12.10494499349772 0.001026241199349772
2458346.21934 12.148289408494326 0.0011305482408494327
2458346.24018 12.150707913389775 0.0012126344913389775
2458346.26101 12.053316717809064 0.0010312642717809062
2458346.28184 11.72698539946174 0.0007747879399461739
2458346.30268 11.470610079447887 0.0006483143079447889
2458346.32351 11.46919896647034 0.000606237696647034
2458346.34434 11.522420439675269 0.000625501243967527
2458346.36518 11.581878070634192 0.0007526050070634192
2458346.38601 11.640064492140816 0.0007753036492140814
2458346.40684 11.690717313019935 0.0007676007313019935
2458346.42768 11.729960664723809 0.0007169938664723809
2458346.44851 11.770987250253478 0.0008311551250253477
2458346.46934 11.81558502058016 0.000771339502058016
2458346.49018 11.856943377874163 0.0008445217377874164
2458346.51101 11.883615066160454 0.0008785669066160455
2458346.53184 11.92458919432847 0.0009154283194328471
2458346.55268 11.94453898528257 0.0009272187985282569
2458346.57351 11.963975284016243 0.0009849506284016242
2458346.59434 11.975518661449415 0.0010827988661449416
2458346.61518 11.993703263519862 0.001045475326351986
2458346.63601 12.000846559708076 0.0010103769559708076
2458346.65684 12.037306912684508 0.0010631364912684507
2458346.67768 12.05388008309199 0.000970422208309199
2458346.69851 12.03817787821629 0.001027277887821629
2458346.71934 12.056641176395088 0.0010715229176395087
2458346.74018 12.093782490197638 0.001053720449019764
2458346.76101 12.132994575346494 0.001052814557534649
2458346.78184 12.15600653037375 0.0010890004530373749
2458346.80268 12.091188797921593 0.0009719213797921592
2458346.82351 11.814655823951751 0.0007801970823951752
2458346.84434 11.497246683141448 0.0006033878683141449
2458346.86518 11.447872257976497 0.0005965174257976497
2458346.88601 11.509602648983543 0.0006508983648983544
2458346.90684 11.572512249008362 0.0006352225249008362
2458346.92768 11.625239224404707 0.0007210496224404707
2458346.94851 11.66946532625243 0.0006865249326252432
2458346.96934 11.71918296824189 0.000705893496824189
2458346.99018 11.764436684281604 0.0007489206684281603
2458347.01101 11.812172251718183 0.0008334674251718182
2458347.03184 11.844261009586475 0.0007670610009586476
2458347.05268 11.88763198655849 0.0008470808986558491
2458347.07351 11.92473641190316 0.000891607841190316
2458347.09434 11.948754017634242 0.0009224719017634243
2458347.11518 11.963676436279592 0.0008808485436279589
2458347.13601 11.976642688511202 0.00098390236885112
2458347.15684 11.993316438172709 0.000917451843817271
2458347.17768 11.904494576408599 0.00197440075764086
2458347.19851 12.023204815141902 0.0009544742815141903
2458347.21934 12.042386363117158 0.0010253936363117157
2458347.24018 12.036599888716369 0.0009655741888716367
2458347.26101 12.043482110718731 0.0009457042110718732
2458347.28184 12.078421272871632 0.0009164563272871631
2458347.30268 12.13190801167085 0.0011055858011670852
2458347.32351 12.147857248297125 0.0012089958248297124
2458347.34434 12.122049629898402 0.0011757234629898403
2458347.36518 11.874265106205796 0.0014291513106205794
2458347.38601 11.561812410490178 0.0005866127410490177
2458347.40684 11.446404429537774 0.0005761377429537775
2458347.42768 11.497588797015947 0.0006167834797015948
2458347.44851 11.520628351859017 0.0006138220351859016
2458347.46934 11.557296923544603 0.0006389065923544605
2458347.49018 11.624876607490261 0.0006588534607490261
2458347.51101 11.699214446883001 0.0007589461446883003
2458347.53184 11.743447721794144 0.0007947008721794144
2458347.55268 11.781362390985286 0.0007588141390985287
2458347.57351 11.83149157367557 0.0007994098573675569
2458347.59434 11.838103545157356 0.0008509677545157355
2458347.61518 11.890717826294106 0.0008314828826294105
2458347.63601 11.927149140028188 0.0009143873140028189
2458347.65684 11.949876681230329 0.000845145268123033
2458347.67768 11.92540070244376 0.000942423970244376
2458347.69851 11.968145701773302 0.0008044571701773303
2458347.71934 11.959138683260003 0.0009046273683260001
2458347.74018 11.898118559965695 0.0009609816559965696
2458347.76101 11.963958163466893 0.0008457871163466892
2458347.78184 12.008749585856604 0.0010220431585856603
2458347.80268 12.013333170726783 0.0011190336170726783
2458347.82351 12.050173951336513 0.0009635440951336512
2458347.84434 12.08601379303677 0.0010854060793036768
2458347.86518 12.132711749379283 0.0011503597749379284
2458347.88601 12.127014583899765 0.0011666773583899766
2458347.90684 11.951790507929323 0.0009037966507929322
2458347.92768 11.624620693960988 0.0006381954693960989
2458347.94851 11.44796453409191 0.0006144829534091909
2458347.96934 11.479011399421148 0.0005814693399421148
2458347.99018 11.532508376300148 0.000610684737630015
2458348.01101 11.47136069036816 0.000668499269036816
2458348.03184 11.53527886650824 0.000604423086650824
2458348.05267 11.591114783367274 0.0006574045783367275
2458348.07351 11.714047095165634 0.0007811646095165635
2458348.09434 11.767008322662104 0.0007555079322662104
2458348.11517 11.818530742511259 0.0008154200742511258
2458348.13601 11.857793250168484 0.0008882901250168485
2458348.15684 11.889291773722109 0.0009605774773722109
2458348.17767 11.904644769004566 0.0009333105769004567
2458348.19851 11.938919664891406 0.0009174653664891407
2458348.21934 11.91933132220251 0.000890178132220251
2458348.24017 11.89446170159744 0.0009480142701597439
2458348.26101 11.905437150644298 0.0008434084150644298
2458348.28184 11.898309216260076 0.0008899976216260076
2458348.30267 11.907865197122153 0.0009681108197122152
2458348.32351 11.992084121456756 0.0010692292121456757
2458348.34434 11.957171919961793 0.0010517666919961793
2458348.36517 12.013815633361315 0.0009454140633361315
2458348.38601 12.068705253385595 0.0010385315253385594
2458348.40684 12.134448656814097 0.0009644869656814098
2458348.42767 12.115686756075924 0.0011681789756075925
2458348.44851 11.912656629279105 0.0010983814629279105
2458348.46934 11.644805852250448 0.0007797752852250449
2458348.49017 11.4485046915923 0.0005883884691592299
2458348.51101 11.454122039034916 0.0005628829039034917
2458348.53184 11.485442667145985 0.0006743256667145985
2458348.55267 11.569150530985217 0.0006205943530985216
2458348.57351 11.623718748873863 0.0007281735748873863
2458348.59434 11.661715291637742 0.0006069642291637743
2458348.61517 11.725598442238233 0.0007678379442238234
2458348.63601 11.735558843169766 0.0007916971843169765
2458348.65684 11.69584968882066 0.0007779229688820661
2458348.67767 11.733053776822914 0.0009034949776822915
2458348.69851 11.778694145440024 0.0008621980145440024
2458348.71934 11.849097748861643 0.0008065215748861642
2458348.74017 11.87938479556771 0.0009106611795567708
2458348.76101 11.875413205627463 0.0010337416205627463
2458348.78184 11.814412885880007 0.0009485325885880007
2458348.80267 11.883655052097652 0.0009236126052097651
2458348.82351 11.958679535077566 0.0009310362535077568
2458348.84434 11.990875755549723 0.0009902580755549722
2458348.86517 12.00943328246548 0.001095377328246548
2458348.88601 11.936564653201378 0.0008830618653201378
2458348.90684 11.987631456938269 0.000969105445693827
2458348.92767 12.07485523149895 0.0011134942231498949
2458348.94851 12.10430705228806 0.0009838909052288063
2458348.96934 12.122735074001554 0.0011555581074001553
2458348.99017 12.027895915493197 0.0010554000915493195
2458349.01101 11.794259376300948 0.0008355698376300948
2458349.03184 11.48520604774474 0.000555087904774474
2458349.05267 11.440015500858047 0.0006220195500858048
2458349.07351 11.489064648196655 0.0006213724648196653
2458349.09434 11.541624045704712 0.0006311147045704713
2458349.11517 11.61113951525653 0.000706187851525653
2458349.13601 11.657155949873587 0.0007088972949873589
2458349.15684 11.63447024408527 0.000695095524408527
2458349.17767 11.672996226972122 0.0008114503226972123
2458349.19851 11.770615259499127 0.0007805345259499126
2458349.21934 11.836654616158132 0.0008511715616158132
2458349.24017 11.842955844020729 0.000796432484402073
2458349.26101 11.772035519702927 0.0009810117519702928
2458349.28184 11.786355802721996 0.0007983485802721995
2458349.30267 11.925745997823151 0.0008849620997823151
2458349.32351 11.973983870279694 0.0008493450870279695
2458349.34434 11.983096949614826 0.0009777358949614825
2458349.36517 12.009609167990682 0.0008185961167990683
2458349.38601 12.03074978842229 0.000988015178842229
2458349.40684 12.032592228537146 0.0010368496228537146
2458349.42767 12.04592233388034 0.0010185955333880338
2458349.44851 12.042648405109484 0.0010165630405109482
2458349.46934 12.070332974697395 0.0010412428974697395
2458349.49017 12.088807248096463 0.0010283977248096465
2458349.51101 12.152978991173114 0.0011484115991173113
2458349.53184 12.1247819406441 0.0010893340940644099
2458349.55267 11.877794756330749 0.0009194804756330749
2458349.57351 11.561130355454853 0.0005845531355454853
2458349.59434 11.448612875904407 0.0005980725875904409
2458349.61517 11.50497378498409 0.0006344231784984088
2458349.63601 11.565106409879421 0.0006643091409879421
2458349.65684 11.618873266843169 0.0006772370266843169
2458349.67767 11.586157128605823 0.0017317472128605823
2458349.69851 11.712952905826528 0.0007274071905826529
2458349.71934 11.761449675379449 0.0008249988675379448
2458349.74017 11.803163697519196 0.0007883165697519195
2458349.76101 11.84661937580741 0.000843333237580741
2458349.78184 11.88060857924255 0.0010399274579242547
2458349.80267 11.90901440512554 0.000887464240512554
2458349.82351 11.943634123747122 0.0010729844123747122
2458349.84434 11.964764877443809 0.0009369045877443808
2458349.86517 11.980138763554097 0.0010411535763554098
2458349.88601 11.988112193433317 0.0010157684193433318
2458349.90684 12.001590116897205 0.0010366282116897206
2458349.92767 12.028637801614135 0.0009392730801614135
2458349.94851 12.049035795906061 0.0009769992795906062
2458349.96934 12.044432076277406 0.0011407714076277406
2458349.99017 12.049623805408839 0.0009253505805408839
2458350.01101 12.080345226889415 0.0009870185226889417
2458350.03184 12.124704622935784 0.0011175971622935782
2458350.05267 12.153046560767713 0.001121957656076771
2458350.07351 12.143034563198322 0.0010738753563198323
2458350.09434 11.973272552381191 0.0008771128552381191
2458350.11517 11.627242338684109 0.000781637033868411
2458350.13601 11.4570923313519 0.00061339563313519
2458350.15684 11.489294816438811 0.0005979473816438811
2458350.17767 11.555750323375005 0.0006873568323375005
2458350.19851 11.61195617125564 0.0006901843171255639
2458350.21934 11.653375026456493 0.0006534788026456493
2458350.24017 11.709437090918811 0.0007902797090918811
2458350.26101 11.744879809304889 0.0007615746809304887
2458350.28184 11.788568070280068 0.0007545723070280069
2458350.30267 11.836435249528945 0.0008162662249528944
2458350.32351 11.871034502164608 0.0008170207502164608
2458350.34434 11.908126267577316 0.0008682970267577315
2458350.36517 11.933253808593596 0.0008852979808593595
2458350.38601 11.95919457730169 0.000954096557730169
2458350.40684 11.978210138939474 0.0009675270138939474
2458350.42767 11.986201660809202 0.0009949718660809202
2458350.44851 11.99750270445196 0.0009088368704451962
2458350.46934 12.01182418544357 0.0010195026185443573
2458350.49017 12.039729108657486 0.0009895500108657487
2458350.51101 12.04435317187273 0.001105692217187273
2458350.53184 12.047734018028683 0.0009742125018028682
2458350.55267 12.068719698665534 0.0008680243698665533
2458350.57351 12.108701906167957 0.0010306423906167957
2458350.59434 12.150203024945368 0.0010834508024945367
2458350.61517 12.156882806278281 0.0010563235806278282
2458350.63601 12.03614305257629 0.0011085770052576289
2458350.65684 11.717321095483804 0.0007421760095483805
2458350.67767 11.475782845822307 0.0006573816845822307
2458350.69851 11.473545124509114 0.0005986919124509115
2458350.71934 11.540046575211708 0.0005872941575211707
2458350.74017 11.591597876826256 0.0006577795876826256
2458350.76101 11.641569973219708 0.000683507697321971
2458350.78184 11.696947131485139 0.0007812829131485141
2458350.80267 11.73181455193119 0.000798536055193119
2458350.82351 11.783113190015237 0.0008220615190015237
2458350.84434 11.820323132152028 0.0008715954132152028
2458350.86517 11.856118598255623 0.0009095426598255623
2458350.88601 11.895110279147847 0.0009257862279147848
2458350.90684 11.930031125017518 0.0008642746125017518
2458350.92767 11.95547583837571 0.000941051283837571
2458350.94851 11.974150688422347 0.0009674500688422347
2458350.96934 11.978532095593113 0.0009815738095593114
2458350.99017 11.989901468817028 0.0009955199468817027
2458351.01101 12.009441643725724 0.0010184389643725722
2458351.03184 12.038265095074193 0.0009888929095074194
2458351.05267 12.04254166189632 0.0010144156661896322
2458351.07351 12.042337219547775 0.0010668078219547774
2458351.09434 12.057821191473035 0.0010604696191473036
2458351.11517 12.105921655038514 0.0011104647655038515
2458351.13601 12.136618498002836 0.0010595179498002836
2458351.15684 12.15914329376124 0.0010703444293761238
2458351.17767 12.088652407896337 0.0011713317407896337
2458351.19851 11.787729958379055 0.0007527446958379054
2458351.21934 11.495599098332217 0.0005767891098332218
2458351.24017 11.461173824090155 0.0005989775824090154
2458351.26101 11.524991014284094 0.0005802454014284094
2458351.28184 11.575076808971724 0.0006154012808971724
2458351.30267 11.636997208287541 0.0007392287208287541
2458351.32351 11.675754707253034 0.0007154745707253035
2458351.34434 11.736741736358056 0.0007384250736358056
2458351.36517 11.768614589358075 0.0008344400589358074
2458351.38601 11.800293197621315 0.0007382625197621316
2458351.40684 11.85694614745908 0.0009313467147459081
2458351.42767 11.891838653456489 0.0009129317653456489
2458351.44851 11.920722564561977 0.0008926312564561977
2458351.46934 11.951430040757922 0.0009960676040757922
2458351.49017 11.976320713226523 0.0010054192713226523
2458351.51101 11.984439607473577 0.0011018787607473576
2458351.53184 12.001492497307098 0.0009432466497307098
2458351.55267 12.011288280539434 0.0008797916280539434
2458351.57351 12.04241381644 0.001241365581644
2458351.59434 12.053488478134105 0.0009336563478134106
2458351.61517 12.049036272295604 0.0010768580272295604
2458351.63601 12.056542106805992 0.0009072423106805992
2458351.65684 12.086745101188841 0.001062559910118884
2458351.67767 12.136935280652567 0.0011749479280652566
2458351.69851 12.156360582974097 0.0010576682582974096
2458351.71934 12.123076486797459 0.001099876648679746
2458351.74017 11.879411406811897 0.0008551649406811897
2458351.76101 11.552177647350472 0.0007517510647350472
2458351.78184 11.45782395645385 0.0005963309956453851
2458351.80267 11.513501460652023 0.0006355011460652023
2458351.82351 11.57552950987724 0.0006593476509877239
2458351.84434 11.620670313250804 0.0006786915313250804
2458351.86517 11.679314902658225 0.0006811886902658224
2458351.88601 11.723052475540506 0.0008002166475540506
2458351.90684 11.762050613360552 0.0008484866613360552
2458351.92767 11.809383691413334 0.0007540922691413335
2458351.94851 11.855141032550646 0.0009135884032550647
2458351.96934 11.887861467076371 0.0009441635467076371
2458351.99017 11.92414652112091 0.0008885546521120912
2458352.01101 11.945326789209249 0.0009685228789209248
2458352.03184 11.971899714992096 0.0010934681714992096
2458352.05267 11.985543253544103 0.0009732289253544103
2458352.07351 11.991451546114334 0.0009796459546114334
2458352.09434 12.014611555839668 0.0010083291555839668
2458352.11517 12.04283357909687 0.001018608657909687
2458352.13601 12.051460932551512 0.0011126855932551511
2458352.15684 12.055867636124281 0.0012140652636124282
2458352.17767 12.066233173550485 0.007239786317355048
2458352.19851 12.10024336391405 0.001193150436391405
2458352.21934 12.12605278727432 0.001003468878727432
2458352.24017 12.172327327959586 0.0011174676327959587
2458352.26101 12.154611283024423 0.0010702795283024423
2458352.28184 11.967495472730652 0.0009304209472730653
2458352.30267 11.635890159655911 0.0007541215159655911
2458352.32351 11.464124441472617 0.0006125599441472617
2458352.34434 11.497162008333516 0.0007009459008333516
2458352.36517 11.558253358376678 0.0006267587358376678
2458352.38601 11.615311313122746 0.0007116684313122746
2458352.40684 11.660853822536547 0.0008133785822536547
2458352.42767 11.714735753579014 0.0008098430753579013
2458352.44851 11.762046581024158 0.0009328520581024157
2458352.46934 11.804485813696598 0.0008696882813696597
2458352.49017 11.847470793901476 0.0009247915793901475
2458352.51101 11.888514556597931 0.0008631214556597931
2458352.53184 11.916304066230568 0.0009736791066230568
2458352.55267 11.954985558625536 0.0009964203558625534
2458352.57351 11.974193595969197 0.0010651862595969196
2458352.59434 11.989239028974504 0.0009975946028974506
2458352.61517 12.00674610242881 0.0011212484102428812
2458352.63601 12.026483790459354 0.0010005917790459353
2458352.65684 12.039757135244548 0.0010532794135244548
2458352.67767 12.063004971516653 0.0010517705971516652
2458352.69851 12.069037595893791 0.001115471059589379
2458352.71934 12.061622199811767 0.0010925668199811768
2458352.74017 12.088848812097284 0.0012287077812097285
2458352.76101 12.125509815957832 0.0012823995815957833
2458352.78184 12.170139841362662 0.0012352775841362662
2458352.80267 12.17882835439311 0.001111590435439311
2458352.82351 12.045688797048493 0.0010104363797048493
2458352.84434 11.714947087309422 0.0008030905087309424
2458352.86517 11.481958471867166 0.0006553272471867166
2458352.88601 11.496530352821559 0.000684418035282156
2458352.90684 11.553426932949483 0.0007269461932949483
2458352.92767 11.60958351670482 0.0008085170516704819
2458352.94851 11.672741663886807 0.0009824277663886807
2458352.96934 11.721374918512847 0.0008935118918512848
2458352.99017 11.757984919347601 0.0011723959919347601
2458353.01101 11.81287343303867 0.0015146160433038669
2458353.03184 11.846439703480966 0.0011986551703480966
2458353.05267 11.898254461987158 0.0015905929461987158
2458353.07351 11.925456365286728 0.001840048336528673
2458353.09434 11.96269379112799 0.002254205679112799
2458353.11517 11.9917448420005 0.00240952208420005
2458353.13601 12.010536551374354 0.0017775772551374353
2458353.15684 12.016540272107815 0.0015459251272107815
